INDEX PAGINARUM COLLATARUM. 091

Parla- Hm. Pam· 011113. Paris. 1111ος. Paris. Mang.

Toml. Toml. 1011). 11. 101111.
0040 000 4000 101) 400 4001)
0000 0 4010 170 0 4010
0000 4 4080 180 410 4081)

0 4000 100 11 4000

0 4100 0 000 10 40 b

g 4110 070 010 10 4011)

0

0

010

0800

δῦ
ἓφωῆ

4110 110 14 4010
4140 100 10 4001)

00 41οι

040 10 4040
1111

4180

1
1
1 4 000 11 4000
0 0 000 10 4000
0 0’010 10 4011)
4 4100 1 000 400 4001)
0 4000 0 000 4000
0 4011) 0 000 4100
1 4001) 010 4110
0 4000 1 000 0100
0 4041) 0
4000 0
1 4
0

0

1

0

080
000
8οι
010
810
080
ι 000

0000
0010
4000 0000
0 4010
0 4000
4 4000
0 4010
0 &a
1 ι
8 434⁸ Toml.
00 4040 8881) 4001)
0 4000
000 4010
4080
4000
4400

4410

0400
300

1
0
0
4
0
0
1
0
0
000
1
0
0
4
0
0
1
0
0
000
1
0
0
4
0
0
1
0
0

.-
Ξφωῆααῂωωμὲφωῇοσρωὲῧῌ

810
11
10
10
14
10
10
11
18 0000
100 1000
180 4040
010 4040
1 4000.

-Φοιιιιοοωι-ιεεοοο-ἰσθοιιιοοιοι-
ἡ
βοοιοι-ιὲεοωᾳιωοιρωωι-ι

ῥωωμὲοωῆαᾳρωδθμ

 

