1111111111111111 COLLATARUM. 299

Parin. 11111. Parin. Mans. Parh- 11111, Puln. ¹⁸1¹&-

vomu. romu. 'Pomm Tomn.
1111 111 1111 111 1111 111 1111
1111 110 1811 1111 1111
1111 1 1111 1111, 1111
1111 1111 1111 1111
1111 1111 1111 1111
1111 1181
1111 1111
1181 1181
1111 1111
1111 1111
1111
1111·
1111
1111

Qvo-‘Oe-

1111
1181
1111
1111
1111
1111
1111
1111
1111
1111

1111
1111
1111
1111

εξ

1111
1111
1111
1111
1111
1111
1111
1181

0²
—j

QQQQQ*“-n—03Q‘OQQ“*“ffl0d8QQ—·=QU*Q2Q

1111
1111 ,
1111
1111
1111
1111
1111
1111
1111
1111
1111

—j

—Q

Φωῄθαρωώμὲ

Ξξ

181 1111
1111 111 1111
1111Ι 11 1111
1111 111 1111
1111 1 1111
1111 11 1111
1111 11 1111
11011 8 8010

1
4
1
1
’1
1
1
10
1
1
1
1
1
1
7
8
1
0
1
1
1
1
1
1
1
1

 

