 

[3, 113] 111 3113113111. 33111113 11, 333

13113 31 311113, · 3111133 11313 11311113 131113, ⁷ 55r 31 igfli5
1111 3133 11111 3131111133 113113131, 1113113 3111133133 331331
1111113 31133111.11,111313 311 5131113 3111 13113 3333311313-
13111 versandum 3131,331331;13131 uuum 311 311313, 31
1311111133 131331133133 33331311 1131133313, 3113133131133,
1113313133 311113 fuit 3311313313 3331331333 11131113,
111311131313 Ἷ1111311331 11131113 1133, quud ligamen 331
31133113 3311111133 33 1111111331 3111311133 colligaret 31
3311331333131 13333113 331331331331 331133 311 333113-
11313133, 3111331113 11333 31131313 habehant 311 3313
3313113 133331311111111113111 3333311133313, 311 333331·-
1111313, 1111133331 33331313333 113313, 3353113 3311111133-
1-31. Porro 3331331331 31 31113113313111 γ1113333113 13-
3113; qumi-515 55:555 551515 331 11311333 31313113 rigi-
111113, 3111131 quem 1133131111 fieri 111 1331113 1113 3111313-
mium [5. 3131131331). 55 3111331 11331313 331 1113113-
1331111131, 31111 31 verbi: 311131331, 31111313 311,13-
315551151 1131131111 33 313113113111,31 1131111 131133113113

exitum. Ess utriqu5 311333333113111 331 [3 313113 311-
331133113 31131],113133313131,03311 3113311 3313313 et

[*] 131133311133, qui 33133311311313331111313,13331331·

ut 51 3311313313 quidam fr55tra 3Π3311311113111113,
11333 333 313111 3311113 digua, 31 311 1133133113 31

31311313 13131111 3111111331 313313113333 3111133 1113111113-
11111313311311133 dirumpuntur. 1131133 1133111 33 1111ἦ

31133 131333113331331 333313 313331 333, qui 1133 13
113113 331133333133 31311331,

113313 111 tnffflw5 purte 1113113 3311333133 311331 33.- ,113-
13333313 1311113 punam: sarm-:15 131111 11111111111. 1111131 fieri?

(33, 33 3·

⁴45. 0113313111 3311113313 311 duplici hyan-imfimo
3131 311 3131111133133111 33113 , ut 3131131331 331, 313313

