300 luussx nmmum commun.

14414. lm. 1441). linc. 14414. Mmt- 14114. ung.

hall. 144411. vomu. 'romu
811 1111 114 m 101 4411
11 1181 14 1114 14 4411
11 14 4411 14 4441
4414 110 4081)
4414 11 4014
4414 11 4104
4411 11 4114
4101 14 4114
4111 11 4114
4111 14 4144
4111 11 4111
4141 18 4101
,4111 111 4111
4181
4111
4101
4111
4111
4111
4141
4111
4101
4114
4114
4114
4104
4114
4114
4114
4144
4114
4104
4811
4114
4114
4104
4114
4114
4114
4141
4111
4101
4111
4184
1004
1014
1014

” ἓ
ἔ

Φωωᾳὶθορωημ
OOEoeere-*eembn—

Ξ

οε·
3

ἓθωφᾳᾛοορωᾯμ

&aquae-*ennon—-goeoe-—tfflo-*e'ten—

Q
ωῠ-Ξςοωῇαοῑιμωδῧμ

000
1
0
1,
4
1
0
1
0
0

Μ
1
1
1
4
1
4
1
0
0

m
1
2
1
4
1
0
1
11
0

800
1
1
0
4
1
1
7
11
1

110
l
1
1

Φωῆἱφῧῑρωδῧμὲ

 

